UP:0.8086206896551724,0.0,0.10172413793103448,0.0896551724137931
DOWN:0.0,0.7789473684210526,0.1,0.12105263157894737
RIGHT:0.07348242811501597,0.09744408945686901,0.829073482428115,0.0
LEFT:0.0915032679738562,0.0915032679738562,0.0,0.8169934640522876
