UP:0.8044991965720407,0.0,0.09801821103374397,0.09748259239421532
DOWN:0.0,0.7967539653264478,0.10531169310217632,0.09793434157137587
RIGHT:0.09883720930232558,0.10328317373461013,0.7978796169630643,0.0
LEFT:0.09600709849157055,0.09582963620230701,0.0,0.8081632653061225
