UP:0.7848101265822784,0.0,0.1518987341772152,0.06329113924050633
DOWN:0.0,0.7818181818181819,0.03636363636363636,0.18181818181818182
RIGHT:0.05405405405405406,0.08108108108108109,0.8648648648648649,0.0
LEFT:0.1,0.1125,0.0,0.7875
